1000
1004
1006
1010
1011
1013
1015
1016
1017
1018
1020
1021
1022
1023
1024
1025
1026
1027
1029
1030
1031
1032
1033
1034
1035
1037
1038
1039
1040
1041
1042
1043
1045
1046
1047
1050
1051
1052
1053
1054
1060
1061
1062
1063
1064
1065
1070
1071
1072
1075
1080
1081
1082
1090
1091
1092
1093
1094
1095
1097
1100
1101
1102
1103
1104
1105
1106
1107
1108
1109
1110
1111
1113
1114
1115
1117
1120
1121
1122
1124
1125
1127
1128
1130
1131
1132
1133
1134
1136
1140
1141
1142
1143
1144
1146
1147
1148
1150
1151
1152
1153
1155
1156
1160
1161
1162
1163
1165
1166
1170
1171
1172
1173
1174
1180
1181
1182
1183
1184
1190
1191
1192
1193
1194
1195
1196
1200
1201
1203
1205
1206
1208
1210
1211
1212
1213
1214
1215
1217
1218
1219
1220
1221
1222
1223
1224
1225
1227
1228
1229
1230
1231
1233
1235
1236
1238
1239
1251
1252
1253
1254
1255
1300
1301
1310
1321
1400
1402
1421
1423
1500
1502
1503
1600
1601
1810
1901
2000
2002
2003
2004
2011
2013
2014
2020
2022
2023
2024
2031
2032
2033
2034
2041
2042
2051
2052
2053
2054
2061
2062
2063
2064
2070
2073
2074
2081
2082
2083
2084
2091
2092
2093
2094
2095
2100
2102
2103
2104
2105
2106
2111
2112
2113
2114
2115
2116
2120
2122
2123
2124
2125
2126
2127
2128
2130
2132
2133
2134
2135
2136
2137
2141
2143
2144
2145
2151
2152
2153
2154
2161
2162
2163
2164
2165
2170
2171
2172
2173
2181
2182
2183
2184
2185
2191
2192
2193
2201
2202
2203
2211
2212
2213
2214
2215
2221
2222
2223
2224
2225
2230
2231
2232
2241
2242
2243
2244
2245
2251
2252
2253
2261
2262
2263
2264
2265
2272
2273
2274
2275
2276
2281
2282
2283
2284
2285
2286
2291
2292
2293
2294
2295
2301
2304
2305
2320
2322
2324
2325
2326
2331
2332
2333
2334
2340
2342
2344
2345
2346
2348
2349
2351
2352
2353
2355
2356
2361
2362
2371
2372
2380
2381
2382
2384
2391
2392
2393
2401
2402
2403
2404
2405
2406
2410
2412
2413
2421
2422
2423
2424
2425
2431
2432
2433
2434
2435
2440
2441
2442
2443
2444
2445
2451
2452
2453
2454
2460
2462
2463
2464
2465
2471
2472
2473
2474
2475
2481
2482
2483
2484
2485
2486
2490
2491
2492
2493
2500
2502
2503
2504
2505
2511
2512
2513
2514
2521
2522
2523
2524
2525
2531
2532
2533
2534
2540
2542
2544
2551
2552
2560
2563
2564
2565
2571
2572
2601
2602
2603
2604
2620
2624
2625
2630
2631
2632
2640
2641
2642
2650
2651
2654
2661
2662
2663
2671
2673
2680
2700
2702
2703
2705
2706
2707
2721
2722
2723
2724
2731
2732
2733
2734
2751
2752
2753
2754
2755
2761
2763
2770
2801
2802
2803
2811
2812
2813
2821
2822
2823
2824
2831
2832
2833
2840
2842
2851
2852
2853
2860
2870
2871
2872
2873
2880
2881
3001
3002
3003
3004
3011
3012
3013
3021
3031
3032
3033
3034
3040
3041
3042
3051
3052
3053
3061
3062
3071
3072
3073
3074
3100
3101
3103
3104
3105
3106
3107
3108
3109
3110
3111
3114
3121
3122
3123
3124
3125
3130
3131
3133
3134
3140
3141
3142
3143
3144
3150
3151
3153
3160
3161
3162
3163
3170
3171
3172
3180
3182
3183
3184
3192
3193
3195
3200
3202
3203
3204
3205
3211
3212
3213
3214
3221
3222
3223
3224
3231
3232
3233
3240
3241
3242
3243
3244
3250
3251
3252
3253
3254
3261
3262
3263
3264
3270
3281
3282
3283
3291
3292
3293
3294
3295
3300
3304
3305
3311
3312
3313
3314
3321
3322
3323
3324
3325
3331
3332
3333
3334
3335
3340
3341
3342
3343
3344
3345
3350
3351
3352
3353
3354
3355
3356
3361
3362
3363
3364
3365
3366
3370
3371
3372
3373
3374
3375
3376
3380
3381
3382
3383
3384
3385
3386
3387
3388
3390
3392
3393
3400
3402
3404
3413
3420
3421
3422
3423
3424
3425
3426
3430
3433
3434
3435
3441
3442
3443
3451
3452
3454
3455
3462
3463
3464
3465
3470
3471
3472
3473
3474
3481
3482
3483
3484
3485
3491
3492
3493
3494
3495
3500
3501
3502
3503
3504
3505
3506
3507
3508
3509
3511
3512
3521
3522
3524
3525
3531
3532
3533
3541
3542
3543
3544
3550
3552
3553
3561
3562
3564
3571
3572
3573
3580
3591
3592
3593
3594
3595
3601
3602
3610
3611
3613
3620
3621
3622
3623
3631
3632
3633
3641
3642
3643
3644
3650
3652
3653
3654
3660
3661
3662
3663
3664
3665
3671
3672
3680
3681
3683
3684
3691
3701
3702
3704
3710
3711
3712
3713
3714
3720
3721
3722
3730
3741
3742
3743
3744
3751
3752
3753
3754
3761
3762
3763
3800
3804
3811
3812
3813
3814
3820
3822
3823
3824
3830
3834
3841
3842
3843
3844
3851
3852
3860
3861
3862
3863
3871
3872
3873
3874
3900
3902
3903
3910
3911
3912
3913
3914
3920
3921
3922
3923
3924
3925
3931
3932
3942
3943
3944
3945
3950
3961
3962
3970
3971
3972
3973
4000
4010
4013
4014
4016
4018
4020
4021
4023
4024
4025
4026
4027
4030
4031
4032
4033
4036
4037
4040
4041
4046
4048
4050
4052
4053
4055
4056
4059
4060
4061
4062
4063
4064
4066
4069
4070
4072
4073
4074
4075
4076
4077
4078
4081
4082
4083
4084
4085
4090
4091
4092
4100
4101
4102
4111
4112
4113
4114
4115
4116
4120
4121
4122
4131
4132
4133
4134
4141
4142
4143
4144
4150
4151
4152
4153
4154
4155
4160
4161
4162
4163
4164
4170
4171
4172
4173
4174
4175
4180
4181
4182
4183
4184
4190
4191
4192
4193
4201
4202
4203
4204
4205
4209
4210
4211
4212
4213
4221
4222
4223
4224
4225
4226
4230
4231
4232
4240
4242
4251
4252
4261
4262
4263
4264
4271
4272
4273
4274
4280
4281
4282
4283
4284
4291
4292
4293
4294
4300
4303
4310
4311
4312
4320
4322
4323
4324
4331
4332
4341
4342
4343
4351
4352
4360
4362
4363
4364
